timestamp,pair,position,leverage,confidence,pnl,is_win,cumulative_pnl,equity,peak,drawdown,return
2025-01-07 16:39:26,AVAX/USD,long,57.4,0.9253,329.19,True,329.19,10329.19,10329.19,0.0,0.032919
2025-01-08 16:39:26,AVAX/USD,long,36.6,0.6051,434.44,True,763.63,10763.63,10763.63,0.0,0.043443999999999997
2025-01-09 16:39:26,AVAX/USD,long,58.2,0.9124,362.25,True,1125.88,11125.880000000001,11125.880000000001,0.0,0.036225
2025-01-10 16:39:26,AVAX/USD,short,42.0,0.661,489.65,True,1615.54,11615.54,11615.54,0.0,0.048964999999999995
2025-01-11 16:39:26,AVAX/USD,long,58.2,0.9386,283.28,True,1898.81,11898.81,11898.81,0.0,0.028327999999999996
2025-01-12 16:39:26,AVAX/USD,long,47.4,0.7548,443.63,True,2342.44,12342.44,12342.44,0.0,0.044363
2025-01-13 16:39:26,AVAX/USD,short,53.9,0.7435,290.71,True,2633.16,12633.16,12633.16,0.0,0.029071
2025-01-14 16:39:26,AVAX/USD,long,52.1,0.6965,381.04,True,3014.19,13014.19,13014.19,0.0,0.038104
2025-01-15 16:39:26,AVAX/USD,short,40.4,0.7028,330.97,True,3345.16,13345.16,13345.16,0.0,0.033097
2025-01-16 16:39:26,AVAX/USD,short,54.0,0.933,484.78,True,3829.94,13829.94,13829.94,0.0,0.048478
2025-01-17 16:39:26,AVAX/USD,short,42.3,0.7506,580.34,True,4410.28,14410.279999999999,14410.279999999999,0.0,0.058034
2025-01-18 16:39:26,AVAX/USD,long,43.1,0.7478,526.92,True,4937.21,14937.21,14937.21,0.0,0.052691999999999996
2025-01-19 16:39:26,AVAX/USD,short,51.3,0.7541,452.69,True,5389.89,15389.89,15389.89,0.0,0.045269
2025-01-20 16:39:26,AVAX/USD,long,52.4,0.8442,570.74,True,5960.63,15960.630000000001,15960.630000000001,0.0,0.057074
2025-01-21 16:39:26,AVAX/USD,short,55.5,0.9105,417.07,True,6377.7,16377.7,16377.7,0.0,0.041707
2025-01-22 16:39:26,AVAX/USD,long,42.6,0.7067,489.14,True,6866.84,16866.84,16866.84,0.0,0.048914
2025-01-23 16:39:26,AVAX/USD,long,52.7,0.7238,407.84,True,7274.69,17274.69,17274.69,0.0,0.040784
2025-01-24 16:39:26,AVAX/USD,long,55.4,0.8221,296.98,True,7571.67,17571.67,17571.67,0.0,0.029698000000000002
2025-01-25 16:39:26,AVAX/USD,long,42.2,0.7509,421.48,True,7993.16,17993.16,17993.16,0.0,0.042148000000000005
2025-01-26 16:39:26,AVAX/USD,short,57.7,0.9458,294.12,True,8287.28,18287.28,18287.28,0.0,0.029412
2025-01-27 16:39:26,AVAX/USD,long,41.8,0.6841,-354.53,False,7932.74,17932.739999999998,18287.28,-0.019387246217042714,-0.035453
2025-01-28 16:39:26,AVAX/USD,long,41.1,0.6819,365.35,True,8298.09,18298.09,18298.09,0.0,0.036535000000000005
2025-01-29 16:39:26,AVAX/USD,long,44.7,0.6021,286.61,True,8584.7,18584.7,18584.7,0.0,0.028661000000000002
2025-01-30 16:39:26,AVAX/USD,short,49.7,0.8437,528.79,True,9113.49,19113.489999999998,19113.489999999998,0.0,0.052878999999999995
2025-01-31 16:39:26,AVAX/USD,short,37.0,0.6229,307.07,True,9420.56,19420.559999999998,19420.559999999998,0.0,0.030706999999999998
2025-02-01 16:39:26,AVAX/USD,long,54.7,0.7811,322.44,True,9743.0,19743.0,19743.0,0.0,0.032244
2025-02-02 16:39:26,AVAX/USD,long,60.5,0.9207,306.88,True,10049.88,20049.879999999997,20049.879999999997,0.0,0.030688
2025-02-03 16:39:26,AVAX/USD,long,43.3,0.6824,-201.41,False,9848.47,19848.47,20049.879999999997,-0.01004544665603965,-0.020141
2025-02-04 16:39:26,AVAX/USD,long,43.9,0.6003,455.09,True,10303.56,20303.559999999998,20303.559999999998,0.0,0.045509
2025-02-05 16:39:26,AVAX/USD,long,49.9,0.8176,542.25,True,10845.81,20845.809999999998,20845.809999999998,0.0,0.054225
2025-02-06 16:39:26,AVAX/USD,short,49.0,0.6759,555.37,True,11401.17,21401.17,21401.17,0.0,0.055537
2025-02-07 16:39:26,AVAX/USD,long,50.2,0.8042,573.77,True,11974.95,21974.95,21974.95,0.0,0.057377
2025-02-08 16:39:26,AVAX/USD,long,52.3,0.759,575.59,True,12550.54,22550.54,22550.54,0.0,0.057559000000000006
2025-02-09 16:39:26,AVAX/USD,short,43.2,0.7338,387.39,True,12937.94,22937.940000000002,22937.940000000002,0.0,0.038738999999999996
2025-02-10 16:39:26,AVAX/USD,long,64.0,0.849,568.55,True,13506.48,23506.48,23506.48,0.0,0.056854999999999996
2025-02-11 16:39:26,AVAX/USD,long,49.4,0.758,461.18,True,13967.67,23967.67,23967.67,0.0,0.046118
2025-02-12 16:39:26,AVAX/USD,long,48.7,0.7708,493.75,True,14461.42,24461.42,24461.42,0.0,0.049375
2025-02-13 16:39:26,AVAX/USD,short,38.8,0.6787,297.79,True,14759.21,24759.21,24759.21,0.0,0.029779000000000003
2025-02-14 16:39:26,AVAX/USD,long,57.4,0.7634,418.8,True,15178.01,25178.010000000002,25178.010000000002,0.0,0.04188
2025-02-15 16:39:26,AVAX/USD,long,52.6,0.8734,549.99,True,15728.01,25728.010000000002,25728.010000000002,0.0,0.054999
2025-02-16 16:39:26,AVAX/USD,long,63.2,0.8459,505.68,True,16233.69,26233.690000000002,26233.690000000002,0.0,0.050568
2025-02-17 16:39:26,AVAX/USD,short,48.3,0.7511,407.17,True,16640.86,26640.86,26640.86,0.0,0.040717
2025-02-18 16:39:26,AVAX/USD,short,47.5,0.7232,339.45,True,16980.31,26980.31,26980.31,0.0,0.033944999999999996
2025-02-19 16:39:26,AVAX/USD,short,40.6,0.6215,432.77,True,17413.09,27413.09,27413.09,0.0,0.043276999999999996
2025-02-20 16:39:26,AVAX/USD,long,47.1,0.6108,455.48,True,17868.57,27868.57,27868.57,0.0,0.045548000000000005
2025-02-21 16:39:26,AVAX/USD,short,61.0,0.9347,383.69,True,18252.25,28252.25,28252.25,0.0,0.038369
2025-02-22 16:39:26,AVAX/USD,long,67.7,0.9018,342.84,True,18595.1,28595.1,28595.1,0.0,0.034283999999999995
2025-02-23 16:39:26,AVAX/USD,short,49.0,0.6461,522.68,True,19117.78,29117.78,29117.78,0.0,0.052267999999999995
2025-02-24 16:39:26,AVAX/USD,short,36.6,0.6328,574.24,True,19692.02,29692.02,29692.02,0.0,0.057424
2025-02-25 16:39:26,AVAX/USD,short,52.0,0.8136,543.62,True,20235.63,30235.63,30235.63,0.0,0.054362
2025-02-26 16:39:26,AVAX/USD,long,41.8,0.6928,529.32,True,20764.95,30764.95,30764.95,0.0,0.05293200000000001
2025-02-27 16:39:26,AVAX/USD,long,55.7,0.9141,500.72,True,21265.67,31265.67,31265.67,0.0,0.050072000000000005
2025-02-28 16:39:26,AVAX/USD,short,38.2,0.6667,485.85,True,21751.52,31751.52,31751.52,0.0,0.048585
2025-03-01 16:39:26,AVAX/USD,long,51.9,0.8606,458.69,True,22210.21,32210.21,32210.21,0.0,0.045869
2025-03-02 16:39:26,AVAX/USD,short,45.4,0.7767,524.11,True,22734.32,32734.32,32734.32,0.0,0.052411
2025-03-03 16:39:26,AVAX/USD,long,58.2,0.7608,592.6,True,23326.92,33326.92,33326.92,0.0,0.05926
2025-03-04 16:39:26,AVAX/USD,short,37.4,0.6258,289.47,True,23616.39,33616.39,33616.39,0.0,0.028947000000000004
2025-03-05 16:39:26,AVAX/USD,long,39.3,0.6601,289.55,True,23905.94,33905.94,33905.94,0.0,0.028955
2025-03-06 16:39:26,AVAX/USD,long,43.6,0.6671,571.35,True,24477.3,34477.3,34477.3,0.0,0.057135000000000005
2025-03-07 16:39:26,AVAX/USD,short,38.6,0.6586,534.67,True,25011.96,35011.96,35011.96,0.0,0.053466999999999994
2025-03-08 16:39:26,AVAX/USD,long,38.8,0.6198,466.4,True,25478.37,35478.369999999995,35478.369999999995,0.0,0.04664
2025-03-09 16:39:26,AVAX/USD,long,45.6,0.6425,476.69,True,25955.05,35955.05,35955.05,0.0,0.047669
2025-03-10 16:39:26,AVAX/USD,long,56.9,0.8008,322.69,True,26277.75,36277.75,36277.75,0.0,0.032269
2025-03-11 16:39:26,AVAX/USD,long,61.0,0.8555,539.86,True,26817.61,36817.61,36817.61,0.0,0.053986
2025-03-12 16:39:26,AVAX/USD,long,53.9,0.7306,350.67,True,27168.27,37168.270000000004,37168.270000000004,0.0,0.035067
2025-03-13 16:39:26,AVAX/USD,long,45.5,0.6972,591.37,True,27759.64,37759.64,37759.64,0.0,0.059137
2025-03-14 16:39:26,AVAX/USD,long,53.2,0.866,543.17,True,28302.81,38302.81,38302.81,0.0,0.054317
2025-03-15 16:39:26,AVAX/USD,short,48.4,0.7087,560.76,True,28863.57,38863.57,38863.57,0.0,0.056076
2025-03-16 16:39:26,AVAX/USD,short,52.0,0.8002,590.82,True,29454.39,39454.39,39454.39,0.0,0.059082
2025-03-17 16:39:26,AVAX/USD,short,49.4,0.7525,293.95,True,29748.35,39748.35,39748.35,0.0,0.029394999999999998
2025-03-18 16:39:26,AVAX/USD,short,52.0,0.8676,356.92,True,30105.26,40105.259999999995,40105.259999999995,0.0,0.035692
2025-03-19 16:39:26,AVAX/USD,short,49.7,0.7733,-232.14,False,29873.12,39873.119999999995,40105.259999999995,-0.0057882681723045665,-0.023214
2025-03-20 16:39:26,AVAX/USD,long,42.1,0.7144,405.71,True,30278.83,40278.83,40278.83,0.0,0.040570999999999996
2025-03-21 16:39:26,AVAX/USD,long,66.1,0.8981,294.98,True,30573.82,40573.82,40573.82,0.0,0.029498000000000003
2025-03-22 16:39:26,AVAX/USD,long,64.0,0.9453,524.57,True,31098.38,41098.380000000005,41098.380000000005,0.0,0.052457000000000004
2025-03-23 16:39:26,AVAX/USD,long,65.8,0.8825,314.77,True,31413.15,41413.15,41413.15,0.0,0.031477
2025-03-24 16:39:26,AVAX/USD,long,56.3,0.9156,532.65,True,31945.8,41945.8,41945.8,0.0,0.053265
2025-03-25 16:39:26,AVAX/USD,short,44.8,0.6909,377.15,True,32322.96,42322.96,42322.96,0.0,0.037715
2025-03-26 16:39:26,AVAX/USD,long,49.1,0.8405,431.13,True,32754.09,42754.09,42754.09,0.0,0.043113
2025-03-27 16:39:26,AVAX/USD,short,58.9,0.8063,512.44,True,33266.53,43266.53,43266.53,0.0,0.051244000000000005
2025-03-28 16:39:26,AVAX/USD,long,48.8,0.7755,283.77,True,33550.3,43550.3,43550.3,0.0,0.028377
2025-03-29 16:39:26,AVAX/USD,long,55.0,0.7503,530.17,True,34080.47,44080.47,44080.47,0.0,0.053016999999999995
2025-03-30 16:39:26,AVAX/USD,long,49.4,0.6863,314.89,True,34395.36,44395.36,44395.36,0.0,0.031488999999999996
2025-03-31 16:39:26,AVAX/USD,long,48.0,0.6224,568.23,True,34963.59,44963.59,44963.59,0.0,0.056823
2025-04-01 16:39:26,AVAX/USD,short,44.6,0.6939,527.4,True,35491.0,45491.0,45491.0,0.0,0.052739999999999995
2025-04-02 16:39:26,AVAX/USD,long,45.8,0.6387,340.07,True,35831.07,45831.07,45831.07,0.0,0.034007
2025-04-03 16:39:26,AVAX/USD,long,57.3,0.8929,559.93,True,36391.0,46391.0,46391.0,0.0,0.055992999999999994
2025-04-04 16:39:26,AVAX/USD,short,47.2,0.6722,386.01,True,36777.01,46777.01,46777.01,0.0,0.038600999999999996
2025-04-05 16:39:26,AVAX/USD,short,67.8,0.9148,345.58,True,37122.59,47122.59,47122.59,0.0,0.034558
2025-04-06 16:39:26,AVAX/USD,long,56.4,0.8237,470.6,True,37593.18,47593.18,47593.18,0.0,0.047060000000000005
2025-04-07 16:39:26,AVAX/USD,short,41.0,0.6975,528.0,True,38121.18,48121.18,48121.18,0.0,0.0528
2025-04-08 16:39:26,AVAX/USD,short,41.9,0.6853,329.77,True,38450.95,48450.95,48450.95,0.0,0.032977
2025-04-09 16:39:26,AVAX/USD,long,37.5,0.6018,303.56,True,38754.51,48754.51,48754.51,0.0,0.030356
2025-04-10 16:39:26,AVAX/USD,long,49.1,0.8706,398.91,True,39153.41,49153.41,49153.41,0.0,0.039891
2025-04-11 16:39:26,AVAX/USD,long,51.2,0.6803,303.32,True,39456.74,49456.74,49456.74,0.0,0.030331999999999998
2025-04-12 16:39:26,AVAX/USD,long,48.9,0.678,572.43,True,40029.17,50029.17,50029.17,0.0,0.057242999999999995
2025-04-13 16:39:26,AVAX/USD,long,50.7,0.7222,369.27,True,40398.45,50398.45,50398.45,0.0,0.036927
2025-04-14 16:39:26,AVAX/USD,long,56.3,0.8344,-337.2,False,40061.24,50061.24,50398.45,-0.006690880374297208,-0.03372
2025-04-15 16:39:26,AVAX/USD,short,62.3,0.8896,518.96,True,40580.21,50580.21,50580.21,0.0,0.051896000000000005
2025-04-16 16:39:26,AVAX/USD,short,45.5,0.7325,528.36,True,41108.56,51108.56,51108.56,0.0,0.052836
