timestamp,pair,position,leverage,confidence,pnl,is_win,cumulative_pnl,equity,peak,drawdown,return
2025-01-07 16:39:26,MATIC/USD,long,51.4,0.7794,253.07,True,253.07,10253.07,10253.07,0.0,0.025307
2025-01-08 16:39:26,MATIC/USD,short,34.6,0.6036,192.69,True,445.75,10445.75,10445.75,0.0,0.019269
2025-01-09 16:39:26,MATIC/USD,long,44.5,0.7047,170.11,True,615.87,10615.87,10615.87,0.0,0.017011000000000002
2025-01-10 16:39:26,MATIC/USD,short,51.0,0.8983,299.24,True,915.11,10915.11,10915.11,0.0,0.029924
2025-01-11 16:39:26,MATIC/USD,short,49.2,0.8887,328.95,True,1244.06,11244.06,11244.06,0.0,0.032895
2025-01-12 16:39:26,MATIC/USD,long,54.1,0.7327,-140.98,False,1103.08,11103.08,11244.06,-0.012538175712331628,-0.014098
2025-01-13 16:39:26,MATIC/USD,short,58.1,0.8729,201.93,True,1305.01,11305.01,11305.01,0.0,0.020193
2025-01-14 16:39:26,MATIC/USD,long,45.7,0.6127,213.9,True,1518.91,11518.91,11518.91,0.0,0.02139
2025-01-15 16:39:26,MATIC/USD,long,51.5,0.8383,221.77,True,1740.68,11740.68,11740.68,0.0,0.022177000000000002
2025-01-16 16:39:26,MATIC/USD,long,59.8,0.8641,325.45,True,2066.13,12066.130000000001,12066.130000000001,0.0,0.032545
2025-01-17 16:39:26,MATIC/USD,long,35.9,0.6117,343.75,True,2409.88,12409.880000000001,12409.880000000001,0.0,0.034375
2025-01-18 16:39:26,MATIC/USD,long,49.7,0.673,336.84,True,2746.72,12746.72,12746.72,0.0,0.033684
2025-01-19 16:39:26,MATIC/USD,long,36.8,0.6246,308.83,True,3055.55,13055.55,13055.55,0.0,0.030882999999999997
2025-01-20 16:39:26,MATIC/USD,short,46.1,0.7387,309.22,True,3364.77,13364.77,13364.77,0.0,0.030922
2025-01-21 16:39:26,MATIC/USD,long,53.7,0.8491,217.68,True,3582.45,13582.45,13582.45,0.0,0.021768
2025-01-22 16:39:26,MATIC/USD,long,43.9,0.7053,195.63,True,3778.08,13778.08,13778.08,0.0,0.019563
2025-01-23 16:39:26,MATIC/USD,short,46.4,0.654,269.13,True,4047.21,14047.21,14047.21,0.0,0.026913
2025-01-24 16:39:26,MATIC/USD,long,45.5,0.7101,187.81,True,4235.02,14235.02,14235.02,0.0,0.018781
2025-01-25 16:39:26,MATIC/USD,long,40.9,0.7221,298.99,True,4534.01,14534.01,14534.01,0.0,0.029899000000000002
2025-01-26 16:39:26,MATIC/USD,long,42.8,0.6467,312.0,True,4846.01,14846.01,14846.01,0.0,0.0312
2025-01-27 16:39:26,MATIC/USD,long,44.3,0.6453,313.78,True,5159.79,15159.79,15159.79,0.0,0.031377999999999996
2025-01-28 16:39:26,MATIC/USD,long,50.9,0.9021,230.45,True,5390.24,15390.24,15390.24,0.0,0.023045
2025-01-29 16:39:26,MATIC/USD,long,48.1,0.788,335.76,True,5726.01,15726.01,15726.01,0.0,0.033576
2025-01-30 16:39:26,MATIC/USD,short,54.5,0.7096,329.2,True,6055.2,16055.2,16055.2,0.0,0.03292
2025-01-31 16:39:26,MATIC/USD,long,48.2,0.8347,282.15,True,6337.36,16337.36,16337.36,0.0,0.028214999999999997
2025-02-01 16:39:26,MATIC/USD,short,45.3,0.7499,233.87,True,6571.23,16571.23,16571.23,0.0,0.023387
2025-02-02 16:39:26,MATIC/USD,long,55.9,0.891,280.48,True,6851.71,16851.71,16851.71,0.0,0.028048000000000003
2025-02-03 16:39:26,MATIC/USD,long,58.5,0.8326,-194.99,False,6656.71,16656.71,16851.71,-0.01157152597570217,-0.019499000000000002
2025-02-04 16:39:26,MATIC/USD,short,44.1,0.6121,226.08,True,6882.79,16882.79,16882.79,0.0,0.022608
2025-02-05 16:39:26,MATIC/USD,long,59.7,0.8741,268.01,True,7150.81,17150.81,17150.81,0.0,0.026801
2025-02-06 16:39:26,MATIC/USD,long,52.6,0.873,311.92,True,7462.73,17462.73,17462.73,0.0,0.031192
2025-02-07 16:39:26,MATIC/USD,short,62.6,0.8336,284.66,True,7747.39,17747.39,17747.39,0.0,0.028466
2025-02-08 16:39:26,MATIC/USD,short,50.8,0.6738,220.72,True,7968.11,17968.11,17968.11,0.0,0.022072
2025-02-09 16:39:26,MATIC/USD,long,55.7,0.7286,-180.6,False,7787.51,17787.510000000002,17968.11,-0.010051140604103522,-0.01806
2025-02-10 16:39:26,MATIC/USD,long,57.4,0.9305,264.34,True,8051.85,18051.85,18051.85,0.0,0.026434
2025-02-11 16:39:26,MATIC/USD,long,63.8,0.9029,275.28,True,8327.13,18327.129999999997,18327.129999999997,0.0,0.027527999999999997
2025-02-12 16:39:26,MATIC/USD,long,50.5,0.6788,254.35,True,8581.48,18581.48,18581.48,0.0,0.025435
2025-02-13 16:39:26,MATIC/USD,short,49.3,0.725,298.71,True,8880.19,18880.190000000002,18880.190000000002,0.0,0.029870999999999998
2025-02-14 16:39:26,MATIC/USD,long,43.3,0.617,-142.15,False,8738.05,18738.05,18880.190000000002,-0.0075285259311481,-0.014215
2025-02-15 16:39:26,MATIC/USD,long,44.5,0.6645,264.25,True,9002.3,19002.3,19002.3,0.0,0.026425
2025-02-16 16:39:26,MATIC/USD,short,43.8,0.6442,181.5,True,9183.8,19183.8,19183.8,0.0,0.01815
2025-02-17 16:39:26,MATIC/USD,long,48.6,0.8379,204.33,True,9388.13,19388.129999999997,19388.129999999997,0.0,0.020433
2025-02-18 16:39:26,MATIC/USD,long,41.6,0.7238,-168.03,False,9220.1,19220.1,19388.129999999997,-0.0086666429408096,-0.016803
2025-02-19 16:39:26,MATIC/USD,short,42.2,0.6266,293.59,True,9513.69,19513.690000000002,19513.690000000002,0.0,0.029358999999999996
2025-02-20 16:39:26,MATIC/USD,long,49.2,0.8797,322.86,True,9836.55,19836.55,19836.55,0.0,0.032286
2025-02-21 16:39:26,MATIC/USD,short,54.5,0.792,327.83,True,10164.38,20164.379999999997,20164.379999999997,0.0,0.032783
2025-02-22 16:39:26,MATIC/USD,long,58.0,0.7938,338.21,True,10502.59,20502.59,20502.59,0.0,0.033821
2025-02-23 16:39:26,MATIC/USD,short,54.6,0.8781,174.96,True,10677.54,20677.54,20677.54,0.0,0.017496
2025-02-24 16:39:26,MATIC/USD,long,49.9,0.8857,223.39,True,10900.94,20900.940000000002,20900.940000000002,0.0,0.022338999999999998
2025-02-25 16:39:26,MATIC/USD,short,42.4,0.6022,220.52,True,11121.46,21121.46,21121.46,0.0,0.022052000000000002
2025-02-26 16:39:26,MATIC/USD,long,59.1,0.8557,166.28,True,11287.74,21287.739999999998,21287.739999999998,0.0,0.016628
2025-02-27 16:39:26,MATIC/USD,long,44.8,0.7902,335.98,True,11623.72,21623.72,21623.72,0.0,0.033598
2025-02-28 16:39:26,MATIC/USD,short,49.4,0.6574,316.43,True,11940.15,21940.15,21940.15,0.0,0.031643
2025-03-01 16:39:26,MATIC/USD,long,58.6,0.8776,193.23,True,12133.37,22133.370000000003,22133.370000000003,0.0,0.019323
2025-03-02 16:39:26,MATIC/USD,long,57.5,0.7973,-164.08,False,11969.29,21969.29,22133.370000000003,-0.00741324073107718,-0.016408000000000002
2025-03-03 16:39:26,MATIC/USD,long,47.4,0.7259,-191.9,False,11777.39,21777.39,22133.370000000003,-0.01608340709074141,-0.019190000000000002
2025-03-04 16:39:26,MATIC/USD,long,67.7,0.9406,314.93,True,12092.32,22092.32,22133.370000000003,-0.00185466560221073,0.031493
2025-03-05 16:39:26,MATIC/USD,short,60.5,0.811,-176.74,False,11915.58,21915.58,22133.370000000003,-0.009839893337526136,-0.017674000000000002
2025-03-06 16:39:26,MATIC/USD,long,42.0,0.6068,310.52,True,12226.09,22226.09,22226.09,0.0,0.031052
2025-03-07 16:39:26,MATIC/USD,long,58.2,0.8945,256.98,True,12483.08,22483.08,22483.08,0.0,0.025698000000000002
2025-03-08 16:39:26,MATIC/USD,long,46.4,0.8089,186.48,True,12669.56,22669.559999999998,22669.559999999998,0.0,0.018647999999999998
2025-03-09 16:39:26,MATIC/USD,short,62.6,0.8239,185.63,True,12855.18,22855.18,22855.18,0.0,0.018563
2025-03-10 16:39:26,MATIC/USD,long,65.9,0.9244,210.56,True,13065.74,23065.739999999998,23065.739999999998,0.0,0.021056000000000002
2025-03-11 16:39:26,MATIC/USD,long,50.4,0.7908,-201.84,False,12863.91,22863.91,23065.739999999998,-0.008750207016987017,-0.020184
2025-03-12 16:39:26,MATIC/USD,short,41.5,0.6474,266.59,True,13130.5,23130.5,23130.5,0.0,0.026659
2025-03-13 16:39:26,MATIC/USD,long,51.0,0.736,338.72,True,13469.22,23469.22,23469.22,0.0,0.033872
2025-03-14 16:39:26,MATIC/USD,short,42.4,0.7623,259.0,True,13728.22,23728.22,23728.22,0.0,0.0259
2025-03-15 16:39:26,MATIC/USD,short,55.8,0.9185,243.36,True,13971.58,23971.58,23971.58,0.0,0.024336
2025-03-16 16:39:26,MATIC/USD,long,37.5,0.6617,271.98,True,14243.56,24243.559999999998,24243.559999999998,0.0,0.027198000000000003
2025-03-17 16:39:26,MATIC/USD,short,45.8,0.6094,171.08,True,14414.65,24414.65,24414.65,0.0,0.017108
2025-03-18 16:39:26,MATIC/USD,long,46.5,0.6868,200.51,True,14615.15,24615.15,24615.15,0.0,0.020051
2025-03-19 16:39:26,MATIC/USD,short,56.1,0.859,229.31,True,14844.46,24844.46,24844.46,0.0,0.022931
2025-03-20 16:39:26,MATIC/USD,short,56.3,0.7475,193.3,True,15037.76,25037.760000000002,25037.760000000002,0.0,0.01933
2025-03-21 16:39:26,MATIC/USD,long,35.3,0.6102,219.11,True,15256.87,25256.870000000003,25256.870000000003,0.0,0.021911
2025-03-22 16:39:26,MATIC/USD,long,48.9,0.833,294.98,True,15551.85,25551.85,25551.85,0.0,0.029498000000000003
2025-03-23 16:39:26,MATIC/USD,short,48.5,0.8346,-124.26,False,15427.59,25427.59,25551.85,-0.0048630529687673655,-0.012426000000000001
2025-03-24 16:39:26,MATIC/USD,long,40.5,0.6301,162.98,True,15590.56,25590.559999999998,25590.559999999998,0.0,0.016298
2025-03-25 16:39:26,MATIC/USD,long,48.9,0.6885,-199.0,False,15391.56,25391.559999999998,25590.559999999998,-0.00777630501247335,-0.0199
2025-03-26 16:39:26,MATIC/USD,long,41.3,0.717,-122.41,False,15269.15,25269.15,25590.559999999998,-0.012559709517884573,-0.012241
2025-03-27 16:39:26,MATIC/USD,short,57.9,0.9001,174.08,True,15443.24,25443.239999999998,25590.559999999998,-0.005756810323806893,0.017408
2025-03-28 16:39:26,MATIC/USD,long,54.9,0.7451,-153.13,False,15290.1,25290.1,25590.559999999998,-0.011741048261546412,-0.015313
2025-03-29 16:39:26,MATIC/USD,long,51.6,0.7499,218.52,True,15508.62,25508.620000000003,25590.559999999998,-0.003201961973477527,0.021852
2025-03-30 16:39:26,MATIC/USD,long,44.3,0.755,-206.83,False,15301.79,25301.79,25590.559999999998,-0.011284239188200524,-0.020683
2025-03-31 16:39:26,MATIC/USD,long,42.5,0.7423,263.11,True,15564.9,25564.9,25590.559999999998,-0.0010027135006031996,0.026311
2025-04-01 16:39:26,MATIC/USD,short,40.9,0.6801,317.08,True,15881.98,25881.98,25881.98,0.0,0.031708
2025-04-02 16:39:26,MATIC/USD,long,39.9,0.6278,242.24,True,16124.23,26124.23,26124.23,0.0,0.024224000000000002
2025-04-03 16:39:26,MATIC/USD,long,48.3,0.6198,-184.92,False,15939.31,25939.309999999998,26124.23,-0.0070784861410270045,-0.018491999999999998
2025-04-04 16:39:26,MATIC/USD,long,47.2,0.7751,247.49,True,16186.8,26186.8,26186.8,0.0,0.024749
2025-04-05 16:39:26,MATIC/USD,long,38.2,0.6081,-188.17,False,15998.63,25998.629999999997,26186.8,-0.00718568133563482,-0.018817
2025-04-06 16:39:26,MATIC/USD,long,58.8,0.8608,278.16,True,16276.78,26276.78,26276.78,0.0,0.027816000000000004
2025-04-07 16:39:26,MATIC/USD,short,45.4,0.6624,264.9,True,16541.69,26541.69,26541.69,0.0,0.026489999999999996
2025-04-08 16:39:26,MATIC/USD,long,37.4,0.6599,188.11,True,16729.8,26729.8,26729.8,0.0,0.018811
2025-04-09 16:39:26,MATIC/USD,long,37.0,0.6213,208.75,True,16938.54,26938.54,26938.54,0.0,0.020875
2025-04-10 16:39:26,MATIC/USD,short,47.8,0.6896,295.94,True,17234.48,27234.48,27234.48,0.0,0.029594
2025-04-11 16:39:26,MATIC/USD,long,64.5,0.8625,336.3,True,17570.78,27570.78,27570.78,0.0,0.03363
2025-04-12 16:39:26,MATIC/USD,short,52.4,0.8373,-118.12,False,17452.65,27452.65,27570.78,-0.004284608560221995,-0.011812000000000001
2025-04-13 16:39:26,MATIC/USD,short,45.0,0.7387,297.08,True,17749.73,27749.73,27749.73,0.0,0.029708
2025-04-14 16:39:26,MATIC/USD,long,43.8,0.607,247.37,True,17997.1,27997.1,27997.1,0.0,0.024737000000000002
2025-04-15 16:39:26,MATIC/USD,long,65.5,0.9077,165.47,True,18162.57,28162.57,28162.57,0.0,0.016547
2025-04-16 16:39:26,MATIC/USD,long,36.6,0.6262,-143.28,False,18019.29,28019.29,28162.57,-0.005087603865698296,-0.014328
